d,o,h,l,c
1678297320.0,22077.0,22080.0,22077.0,22079.0
1678297380.0,22080.0,22080.0,22078.0,22078.0
1678297440.0,22078.0,22084.0,22078.0,22079.0
1678297500.0,22079.0,22089.0,22075.0,22081.0
1678297560.0,22088.0,22088.0,22083.0,22083.0
1678297620.0,22085.0,22087.0,22081.0,22081.0
1678297680.0,22072.0,22072.0,22064.0,22066.0
1678297800.0,22072.0,22072.0,22064.0,22064.0
1678297860.0,22064.0,22066.0,22059.0,22065.0
1678297920.0,22061.0,22064.0,22061.0,22064.0
1678297980.0,22064.0,22072.0,22060.0,22060.0
1678298040.0,22058.0,22062.0,22056.0,22062.0
1678298100.0,22062.0,22062.0,22056.0,22056.0
1678298160.0,22056.0,22056.0,22051.0,22052.0
1678298220.0,22051.0,22051.0,22039.0,22039.0
1678298280.0,22039.0,22040.0,22033.0,22040.0
1678298340.0,22032.0,22036.0,22026.0,22027.0
1678298400.0,22028.0,22034.0,22026.0,22034.0
1678298460.0,22035.0,22037.0,22027.0,22027.0
1678298520.0,22028.0,22028.0,21999.0,22006.0
1678298580.0,22013.0,22031.0,22005.0,22031.0
1678298640.0,22023.0,22025.0,22009.0,22025.0
1678298700.0,22016.0,22023.0,22016.0,22019.0
1678298760.0,22021.0,22032.0,22020.0,22032.0
1678298820.0,22032.0,22044.0,22032.0,22036.0
1678298880.0,22049.0,22059.0,22047.0,22059.0
1678298940.0,22047.0,22050.0,22041.0,22044.0
1678299000.0,22041.0,22049.0,22041.0,22049.0
1678299060.0,22037.0,22037.0,22024.0,22024.0
1678299120.0,22028.0,22035.0,22026.0,22029.0
1678299180.0,22025.0,22036.0,22025.0,22034.0
1678299240.0,22040.0,22040.0,22031.0,22031.0
1678299300.0,22028.0,22039.0,22028.0,22039.0
1678299360.0,22039.0,22039.0,22030.0,22039.0
1678299420.0,22039.0,22043.0,22035.0,22036.0
1678299480.0,22026.0,22027.0,22026.0,22026.0
1678299540.0,22023.0,22024.0,22022.0,22022.0
1678299600.0,22018.0,22018.0,22018.0,22018.0
1678299660.0,22015.0,22019.0,22012.0,22013.0
1678299720.0,22014.0,22021.0,22005.0,22006.0
1678299780.0,22006.0,22006.0,21988.0,21988.0
1678299840.0,21994.0,21998.0,21994.0,21997.0
1678299900.0,21996.0,21996.0,21983.0,21983.0
1678299960.0,21989.0,21989.0,21985.0,21985.0
